1 0.449000
2 0.448000
3 0.447000
4 0.448000
5 0.449000
6 0.448000
7 0.447000
8 0.448000
9 0.447000
10 0.448000
11 0.447000
12 0.448000
13 0.449000
14 0.450000
15 0.449000
16 0.448000
17 0.447000
18 0.448000
19 0.447000
20 0.448000
21 0.449000
22 0.448000
23 0.447000
24 0.448000
25 0.447000
26 0.448000
27 0.449000
28 0.448000
29 0.449000
30 0.450000
31 0.451000
32 0.450000
33 0.449000
34 0.450000
35 0.449000
36 0.448000
37 0.447000
38 0.448000
39 0.447000
40 0.446000
41 0.447000
42 0.448000
43 0.447000
44 0.448000
45 0.449000
46 0.448000
47 0.447000
48 0.448000
49 0.447000
50 0.446000
51 0.447000
52 0.448000
53 0.447000
54 0.448000
55 0.449000
56 0.450000
57 0.449000
58 0.450000
59 0.449000
60 0.448000
61 0.449000
62 0.450000
63 0.451000
64 0.452000
65 0.451000
66 0.450000
67 0.451000
68 0.452000
69 0.451000
70 0.450000
71 0.449000
72 0.448000
73 0.447000
74 0.446000
75 0.447000
76 0.448000
77 0.449000
78 0.450000
79 0.449000
80 0.448000
81 0.449000
82 0.448000
83 0.449000
84 0.450000
85 0.451000
86 0.452000
87 0.451000
88 0.450000
89 0.449000
90 0.448000
91 0.447000
92 0.446000
93 0.447000
94 0.448000
95 0.449000
96 0.450000
97 0.449000
98 0.450000
99 0.451000
100 0.452000
101 0.451000
102 0.450000
103 0.449000
104 0.448000
105 0.449000
106 0.450000
107 0.451000
108 0.452000
109 0.451000
110 0.450000
111 0.449000
112 0.450000
113 0.449000
114 0.450000
115 0.449000
116 0.450000
117 0.451000
118 0.450000
119 0.451000
120 0.450000
121 0.451000
122 0.450000
123 0.449000
124 0.450000
125 0.451000
126 0.450000
127 0.449000
128 0.448000
129 0.447000
130 0.448000
131 0.447000
132 0.446000
133 0.447000
134 0.448000
135 0.447000
136 0.446000
137 0.447000
138 0.448000
139 0.447000
140 0.446000
141 0.447000
142 0.446000
143 0.447000
144 0.446000
145 0.447000
146 0.448000
147 0.449000
148 0.450000
149 0.449000
150 0.448000
151 0.449000
152 0.448000
153 0.449000
154 0.448000
155 0.449000
156 0.450000
157 0.449000
158 0.450000
159 0.449000
160 0.448000
161 0.447000
162 0.446000
163 0.445000
164 0.446000
165 0.447000
166 0.448000
167 0.449000
168 0.450000
169 0.449000
170 0.448000
171 0.449000
172 0.448000
173 0.447000
174 0.446000
175 0.445000
176 0.446000
177 0.447000
178 0.448000
179 0.447000
180 0.448000
181 0.449000
182 0.448000
183 0.447000
184 0.448000
185 0.449000
186 0.448000
187 0.449000
188 0.448000
189 0.449000
190 0.450000
191 0.451000
192 0.450000
193 0.451000
194 0.450000
195 0.451000
196 0.450000
197 0.449000
198 0.448000
199 0.449000
200 0.450000
201 0.449000
202 0.448000
203 0.447000
204 0.448000
205 0.447000
206 0.448000
207 0.447000
208 0.448000
209 0.449000
210 0.448000
211 0.447000
212 0.448000
213 0.449000
214 0.450000
215 0.449000
216 0.448000
217 0.447000
218 0.448000
219 0.449000
220 0.448000
221 0.447000
222 0.446000
223 0.445000
224 0.446000
225 0.447000
226 0.446000
227 0.447000
228 0.446000
229 0.447000
230 0.448000
231 0.447000
232 0.448000
233 0.447000
234 0.448000
235 0.449000
236 0.450000
237 0.449000
238 0.450000
239 0.449000
240 0.448000
241 0.449000
242 0.448000
243 0.449000
244 0.450000
245 0.449000
246 0.448000
247 0.449000
248 0.448000
249 0.447000
250 0.446000
251 0.447000
252 0.446000
253 0.447000
254 0.448000
255 0.449000
256 0.450000
257 0.449000
258 0.448000
259 0.447000
260 0.448000
261 0.447000
262 0.446000
263 0.447000
264 0.448000
265 0.447000
266 0.448000
267 0.449000
268 0.448000
269 0.449000
270 0.448000
271 0.449000
272 0.450000
273 0.449000
274 0.450000
275 0.449000
276 0.448000
277 0.447000
278 0.448000
279 0.447000
280 0.446000
281 0.447000
282 0.448000
283 0.447000
284 0.448000
285 0.447000
286 0.448000
287 0.447000
288 0.448000
289 0.449000
290 0.450000
291 0.449000
292 0.448000
293 0.449000
294 0.448000
295 0.449000
296 0.448000
297 0.449000
298 0.450000
299 0.449000
300 0.450000
301 0.449000
302 0.448000
303 0.449000
304 0.448000
305 0.449000
306 0.448000
307 0.447000
308 0.448000
309 0.449000
310 0.450000
311 0.451000
312 0.450000
313 0.451000
314 0.450000
315 0.449000
316 0.450000
317 0.449000
318 0.450000
319 0.451000
320 0.450000
321 0.449000
322 0.448000
323 0.447000
324 0.448000
325 0.449000
326 0.450000
327 0.449000
328 0.448000
329 0.447000
330 0.446000
331 0.447000
332 0.448000
333 0.449000
334 0.448000
335 0.447000
336 0.448000
337 0.447000
338 0.448000
339 0.447000
340 0.448000
341 0.447000
342 0.448000
343 0.449000
344 0.448000
345 0.447000
346 0.448000
347 0.449000
348 0.450000
349 0.449000
350 0.448000
351 0.449000
352 0.450000
353 0.451000
354 0.450000
355 0.451000
356 0.450000
357 0.449000
358 0.448000
359 0.449000
360 0.450000
361 0.451000
362 0.450000
363 0.449000
364 0.450000
365 0.449000
366 0.448000
367 0.449000
368 0.448000
369 0.449000
370 0.448000
371 0.449000
372 0.450000
373 0.451000
374 0.450000
375 0.449000
376 0.450000
377 0.449000
378 0.450000
379 0.451000
380 0.450000
381 0.451000
382 0.452000
383 0.451000
384 0.450000
385 0.449000
386 0.450000
387 0.449000
388 0.448000
389 0.449000
390 0.450000
391 0.449000
392 0.448000
393 0.447000
394 0.448000
395 0.447000
396 0.446000
397 0.445000
398 0.446000
399 0.447000
400 0.448000
401 0.447000
402 0.448000
403 0.449000
404 0.450000
405 0.449000
406 0.448000
407 0.449000
408 0.448000
409 0.447000
410 0.448000
411 0.447000
412 0.448000
413 0.449000
414 0.448000
415 0.449000
416 0.450000
417 0.449000
418 0.448000
419 0.449000
420 0.448000
421 0.449000
422 0.448000
423 0.449000
424 0.448000
425 0.449000
426 0.448000
427 0.447000
428 0.448000
429 0.447000
430 0.448000
431 0.447000
432 0.448000
433 0.449000
434 0.450000
435 0.449000
436 0.448000
437 0.449000
438 0.450000
439 0.449000
440 0.450000
441 0.449000
442 0.450000
443 0.449000
444 0.448000
445 0.449000
446 0.450000
447 0.449000
448 0.450000
449 0.449000
450 0.448000
451 0.449000
452 0.448000
453 0.447000
454 0.448000
455 0.449000
456 0.448000
457 0.449000
458 0.450000
459 0.449000
460 0.448000
461 0.449000
462 0.450000
463 0.449000
464 0.450000
465 0.449000
466 0.448000
467 0.449000
468 0.450000
469 0.449000
470 0.448000
471 0.449000
472 0.450000
473 0.449000
474 0.450000
475 0.451000
476 0.450000
477 0.449000
478 0.448000
479 0.449000
480 0.448000
481 0.447000
482 0.448000
483 0.447000
484 0.448000
485 0.449000
486 0.448000
487 0.449000
488 0.448000
489 0.447000
490 0.446000
491 0.447000
492 0.446000
493 0.447000
494 0.448000
495 0.449000
496 0.448000
497 0.449000
498 0.450000
499 0.451000
500 0.450000
501 0.449000
502 0.448000
503 0.447000
504 0.448000
505 0.449000
506 0.448000
507 0.449000
508 0.450000
509 0.449000
510 0.448000
511 0.447000
512 0.448000
513 0.447000
514 0.446000
515 0.447000
516 0.448000
517 0.449000
518 0.450000
519 0.449000
520 0.448000
521 0.447000
522 0.448000
523 0.449000
524 0.448000
525 0.447000
526 0.448000
527 0.449000
528 0.448000
529 0.447000
530 0.448000
531 0.449000
532 0.448000
533 0.447000
534 0.448000
535 0.447000
536 0.448000
537 0.447000
538 0.448000
539 0.449000
540 0.448000
541 0.449000
542 0.450000
543 0.451000
544 0.452000
545 0.451000
546 0.450000
547 0.451000
548 0.452000
549 0.453000
550 0.452000
551 0.451000
552 0.450000
553 0.449000
554 0.448000
555 0.447000
556 0.448000
557 0.447000
558 0.448000
559 0.447000
560 0.446000
561 0.447000
562 0.446000
563 0.447000
564 0.448000
565 0.449000
566 0.450000
567 0.449000
568 0.448000
569 0.447000
570 0.446000
571 0.447000
572 0.448000
573 0.449000
574 0.448000
575 0.449000
576 0.450000
577 0.449000
578 0.448000
579 0.449000
580 0.450000
581 0.451000
582 0.452000
583 0.451000
584 0.450000
585 0.451000
586 0.450000
587 0.451000
588 0.452000
589 0.451000
590 0.450000
591 0.451000
592 0.450000
593 0.451000
594 0.452000
595 0.453000
596 0.452000
597 0.451000
598 0.450000
599 0.449000
600 0.450000
