1 0.403000
2 0.404000
3 0.403000
4 0.402000
5 0.401000
6 0.402000
7 0.403000
8 0.404000
9 0.403000
10 0.404000
11 0.405000
12 0.404000
13 0.403000
14 0.404000
15 0.405000
16 0.406000
17 0.407000
18 0.406000
19 0.405000
20 0.404000
21 0.405000
22 0.404000
23 0.405000
24 0.404000
25 0.403000
26 0.404000
27 0.403000
28 0.402000
29 0.403000
30 0.402000
31 0.401000
32 0.402000
33 0.401000
34 0.400000
35 0.399000
36 0.400000
37 0.401000
38 0.400000
39 0.401000
40 0.402000
41 0.403000
42 0.402000
43 0.401000
44 0.402000
45 0.403000
46 0.404000
47 0.403000
48 0.402000
49 0.403000
50 0.404000
51 0.405000
52 0.406000
53 0.405000
54 0.406000
55 0.405000
56 0.406000
57 0.405000
58 0.406000
59 0.405000
60 0.404000
61 0.403000
62 0.402000
63 0.403000
64 0.402000
65 0.403000
66 0.404000
67 0.405000
68 0.406000
69 0.405000
70 0.404000
71 0.403000
72 0.402000
73 0.401000
74 0.402000
75 0.403000
76 0.404000
77 0.405000
78 0.406000
79 0.405000
80 0.404000
81 0.405000
82 0.406000
83 0.407000
84 0.406000
85 0.405000
86 0.404000
87 0.403000
88 0.402000
89 0.401000
90 0.400000
91 0.399000
92 0.398000
93 0.399000
94 0.398000
95 0.399000
96 0.398000
97 0.399000
98 0.400000
99 0.399000
100 0.400000
101 0.401000
102 0.402000
103 0.401000
104 0.402000
105 0.401000
106 0.400000
107 0.401000
108 0.400000
109 0.399000
110 0.400000
111 0.399000
112 0.400000
113 0.399000
114 0.400000
115 0.401000
116 0.400000
117 0.401000
118 0.402000
119 0.403000
120 0.402000
121 0.401000
122 0.402000
123 0.401000
124 0.400000
125 0.399000
126 0.400000
127 0.399000
128 0.400000
129 0.399000
130 0.400000
131 0.401000
132 0.400000
133 0.399000
134 0.400000
135 0.401000
136 0.400000
137 0.399000
138 0.400000
139 0.401000
140 0.402000
141 0.401000
142 0.402000
143 0.401000
144 0.400000
145 0.401000
146 0.402000
147 0.403000
148 0.404000
149 0.403000
150 0.404000
151 0.403000
152 0.402000
153 0.403000
154 0.404000
155 0.405000
156 0.404000
157 0.403000
158 0.404000
159 0.403000
160 0.404000
161 0.405000
162 0.406000
163 0.405000
164 0.406000
165 0.405000
166 0.404000
167 0.403000
168 0.404000
169 0.403000
170 0.404000
171 0.403000
172 0.402000
173 0.403000
174 0.402000
175 0.403000
176 0.404000
177 0.403000
178 0.402000
179 0.403000
180 0.404000
181 0.405000
182 0.404000
183 0.403000
184 0.402000
185 0.403000
186 0.404000
187 0.403000
188 0.402000
189 0.403000
190 0.402000
191 0.401000
192 0.402000
193 0.403000
194 0.402000
195 0.403000
196 0.404000
197 0.403000
198 0.402000
199 0.401000
200 0.402000
201 0.403000
202 0.404000
203 0.405000
204 0.404000
205 0.403000
206 0.404000
207 0.405000
208 0.404000
209 0.405000
210 0.404000
211 0.403000
212 0.404000
213 0.405000
214 0.404000
215 0.405000
216 0.406000
217 0.405000
218 0.404000
219 0.405000
220 0.406000
221 0.405000
222 0.404000
223 0.403000
224 0.404000
225 0.405000
226 0.404000
227 0.403000
228 0.402000
229 0.403000
230 0.402000
231 0.403000
232 0.402000
233 0.401000
234 0.402000
235 0.401000
236 0.400000
237 0.401000
238 0.402000
239 0.401000
240 0.402000
241 0.401000
242 0.402000
243 0.403000
244 0.402000
245 0.403000
246 0.402000
247 0.403000
248 0.404000
249 0.403000
250 0.402000
251 0.403000
252 0.404000
253 0.403000
254 0.402000
255 0.403000
256 0.404000
257 0.403000
258 0.404000
259 0.405000
260 0.404000
261 0.403000
262 0.404000
263 0.403000
264 0.402000
265 0.403000
266 0.402000
267 0.401000
268 0.402000
269 0.403000
270 0.402000
271 0.403000
272 0.404000
273 0.405000
274 0.404000
275 0.403000
276 0.402000
277 0.403000
278 0.404000
279 0.405000
280 0.406000
281 0.405000
282 0.406000
283 0.407000
284 0.406000
285 0.405000
286 0.404000
287 0.403000
288 0.402000
289 0.403000
290 0.404000
291 0.403000
292 0.402000
293 0.403000
294 0.404000
295 0.403000
296 0.402000
297 0.401000
298 0.402000
299 0.401000
300 0.400000
301 0.401000
302 0.402000
303 0.401000
304 0.400000
305 0.399000
306 0.398000
307 0.399000
308 0.398000
309 0.399000
310 0.400000
311 0.399000
312 0.400000
313 0.399000
314 0.400000
315 0.399000
316 0.400000
317 0.401000
318 0.402000
319 0.403000
320 0.402000
321 0.403000
322 0.402000
323 0.403000
324 0.404000
325 0.403000
326 0.404000
327 0.403000
328 0.402000
329 0.403000
330 0.402000
331 0.403000
332 0.404000
333 0.403000
334 0.404000
335 0.405000
336 0.406000
337 0.405000
338 0.404000
339 0.405000
340 0.406000
341 0.407000
342 0.406000
343 0.405000
344 0.404000
345 0.403000
346 0.402000
347 0.401000
348 0.402000
349 0.403000
350 0.402000
351 0.401000
352 0.400000
353 0.401000
354 0.402000
355 0.403000
356 0.404000
357 0.405000
358 0.404000
359 0.403000
360 0.404000
361 0.403000
362 0.404000
363 0.403000
364 0.404000
365 0.405000
366 0.404000
367 0.403000
368 0.402000
369 0.403000
370 0.402000
371 0.401000
372 0.400000
373 0.401000
374 0.402000
375 0.403000
376 0.402000
377 0.401000
378 0.402000
379 0.403000
380 0.402000
381 0.401000
382 0.402000
383 0.401000
384 0.400000
385 0.401000
386 0.402000
387 0.403000
388 0.404000
389 0.405000
390 0.404000
391 0.403000
392 0.404000
393 0.405000
394 0.404000
395 0.405000
396 0.404000
397 0.403000
398 0.402000
399 0.401000
400 0.402000
401 0.403000
402 0.404000
403 0.403000
404 0.404000
405 0.403000
406 0.404000
407 0.403000
408 0.402000
409 0.403000
410 0.402000
411 0.401000
412 0.402000
413 0.403000
414 0.404000
415 0.403000
416 0.404000
417 0.405000
418 0.404000
419 0.403000
420 0.404000
421 0.403000
422 0.404000
423 0.403000
424 0.402000
425 0.403000
426 0.404000
427 0.403000
428 0.402000
429 0.401000
430 0.400000
431 0.399000
432 0.400000
433 0.401000
434 0.402000
435 0.401000
436 0.400000
437 0.399000
438 0.400000
439 0.401000
440 0.402000
441 0.403000
442 0.404000
443 0.405000
444 0.406000
445 0.405000
446 0.404000
447 0.403000
448 0.404000
449 0.405000
450 0.404000
451 0.405000
452 0.406000
453 0.407000
454 0.406000
455 0.405000
456 0.404000
457 0.405000
458 0.406000
459 0.407000
460 0.406000
461 0.407000
462 0.406000
463 0.405000
464 0.404000
465 0.403000
466 0.402000
467 0.401000
468 0.402000
469 0.401000
470 0.400000
471 0.401000
472 0.400000
473 0.401000
474 0.402000
475 0.403000
476 0.402000
477 0.401000
478 0.400000
479 0.401000
480 0.400000
481 0.399000
482 0.398000
483 0.399000
484 0.400000
485 0.401000
486 0.402000
487 0.401000
488 0.402000
489 0.401000
490 0.402000
491 0.403000
492 0.404000
493 0.405000
494 0.406000
495 0.405000
496 0.404000
497 0.403000
498 0.402000
499 0.403000
500 0.402000
501 0.403000
502 0.402000
503 0.403000
504 0.402000
505 0.403000
506 0.404000
507 0.405000
508 0.406000
509 0.405000
510 0.404000
511 0.403000
512 0.404000
513 0.403000
514 0.404000
515 0.403000
516 0.402000
517 0.403000
518 0.404000
519 0.403000
520 0.404000
521 0.403000
522 0.404000
523 0.405000
524 0.404000
525 0.405000
526 0.404000
527 0.403000
528 0.404000
529 0.405000
530 0.404000
531 0.405000
532 0.406000
533 0.405000
534 0.406000
535 0.405000
536 0.406000
537 0.405000
538 0.404000
539 0.405000
540 0.404000
541 0.405000
542 0.404000
543 0.403000
544 0.402000
545 0.401000
546 0.402000
547 0.403000
548 0.404000
549 0.403000
550 0.402000
551 0.403000
552 0.404000
553 0.403000
554 0.402000
555 0.403000
556 0.404000
557 0.403000
558 0.402000
559 0.403000
560 0.402000
561 0.401000
562 0.402000
563 0.401000
564 0.402000
565 0.403000
566 0.402000
567 0.403000
568 0.402000
569 0.403000
570 0.404000
571 0.405000
572 0.404000
573 0.403000
574 0.402000
575 0.403000
576 0.402000
577 0.403000
578 0.404000
579 0.405000
580 0.406000
581 0.407000
582 0.408000
583 0.407000
584 0.406000
585 0.405000
586 0.404000
587 0.405000
588 0.406000
589 0.405000
590 0.406000
591 0.407000
592 0.408000
593 0.407000
594 0.406000
595 0.405000
596 0.404000
597 0.405000
598 0.404000
599 0.403000
600 0.404000
