1 0.672000
2 0.674000
3 0.676000
4 0.678000
5 0.680000
6 0.682000
7 0.680000
8 0.682000
9 0.684000
10 0.686000
11 0.688000
12 0.686000
13 0.688000
14 0.690000
15 0.692000
16 0.690000
17 0.688000
18 0.686000
19 0.688000
20 0.690000
21 0.688000
22 0.686000
23 0.688000
24 0.690000
25 0.692000
26 0.690000
27 0.692000
28 0.690000
29 0.692000
30 0.694000
31 0.692000
32 0.690000
33 0.688000
34 0.690000
35 0.688000
36 0.686000
37 0.684000
38 0.686000
39 0.684000
40 0.686000
41 0.684000
42 0.686000
43 0.688000
44 0.690000
45 0.692000
46 0.694000
47 0.692000
48 0.694000
49 0.692000
50 0.690000
51 0.692000
52 0.690000
53 0.688000
54 0.686000
55 0.688000
56 0.690000
57 0.688000
58 0.686000
59 0.688000
60 0.690000
61 0.688000
62 0.690000
63 0.692000
64 0.690000
65 0.692000
66 0.690000
67 0.688000
68 0.690000
69 0.692000
70 0.690000
71 0.692000
72 0.694000
73 0.692000
74 0.690000
75 0.688000
76 0.690000
77 0.688000
78 0.690000
79 0.688000
80 0.690000
81 0.692000
82 0.690000
83 0.692000
84 0.694000
85 0.692000
86 0.690000
87 0.688000
88 0.690000
89 0.688000
90 0.686000
91 0.684000
92 0.686000
93 0.688000
94 0.686000
95 0.688000
96 0.686000
97 0.684000
98 0.682000
99 0.684000
100 0.682000
101 0.684000
102 0.686000
103 0.688000
104 0.690000
105 0.692000
106 0.694000
107 0.692000
108 0.690000
109 0.692000
110 0.694000
111 0.692000
112 0.694000
113 0.692000
114 0.690000
115 0.688000
116 0.686000
117 0.688000
118 0.686000
119 0.688000
120 0.690000
121 0.688000
122 0.690000
123 0.688000
124 0.686000
125 0.684000
126 0.682000
127 0.684000
128 0.686000
129 0.684000
130 0.686000
131 0.684000
132 0.686000
133 0.688000
134 0.690000
135 0.688000
136 0.686000
137 0.688000
138 0.690000
139 0.692000
140 0.694000
141 0.692000
142 0.690000
143 0.692000
144 0.690000
145 0.688000
146 0.690000
147 0.688000
148 0.690000
149 0.688000
150 0.690000
151 0.692000
152 0.690000
153 0.692000
154 0.690000
155 0.692000
156 0.690000
157 0.692000
158 0.690000
159 0.688000
160 0.690000
161 0.688000
162 0.690000
163 0.692000
164 0.690000
165 0.688000
166 0.690000
167 0.688000
168 0.686000
169 0.688000
170 0.690000
171 0.692000
172 0.690000
173 0.692000
174 0.690000
175 0.692000
176 0.690000
177 0.692000
178 0.694000
179 0.696000
180 0.694000
181 0.696000
182 0.694000
183 0.692000
184 0.694000
185 0.692000
186 0.694000
187 0.692000
188 0.690000
189 0.688000
190 0.686000
191 0.688000
192 0.690000
193 0.688000
194 0.690000
195 0.688000
196 0.690000
197 0.692000
198 0.694000
199 0.692000
200 0.690000
201 0.688000
202 0.690000
203 0.688000
204 0.686000
205 0.688000
206 0.690000
207 0.692000
208 0.690000
209 0.688000
210 0.686000
211 0.688000
212 0.690000
213 0.688000
214 0.686000
215 0.688000
216 0.690000
217 0.688000
218 0.690000
219 0.692000
220 0.694000
221 0.692000
222 0.690000
223 0.692000
224 0.690000
225 0.692000
226 0.694000
227 0.692000
228 0.690000
229 0.688000
230 0.686000
231 0.684000
232 0.686000
233 0.684000
234 0.686000
235 0.688000
236 0.690000
237 0.692000
238 0.690000
239 0.692000
240 0.690000
241 0.688000
242 0.686000
243 0.688000
244 0.690000
245 0.688000
246 0.686000
247 0.688000
248 0.686000
249 0.684000
250 0.682000
251 0.684000
252 0.686000
253 0.684000
254 0.682000
255 0.684000
256 0.686000
257 0.688000
258 0.690000
259 0.692000
260 0.694000
261 0.692000
262 0.690000
263 0.688000
264 0.686000
265 0.688000
266 0.690000
267 0.688000
268 0.686000
269 0.684000
270 0.686000
271 0.684000
272 0.686000
273 0.688000
274 0.690000
275 0.692000
276 0.690000
277 0.688000
278 0.686000
279 0.688000
280 0.690000
281 0.688000
282 0.686000
283 0.688000
284 0.690000
285 0.692000
286 0.690000
287 0.688000
288 0.690000
289 0.692000
290 0.690000
291 0.688000
292 0.690000
293 0.688000
294 0.690000
295 0.688000
296 0.690000
297 0.692000
298 0.694000
299 0.696000
300 0.694000
301 0.696000
302 0.694000
303 0.692000
304 0.690000
305 0.688000
306 0.686000
307 0.688000
308 0.690000
309 0.688000
310 0.690000
311 0.688000
312 0.690000
313 0.692000
314 0.690000
315 0.692000
316 0.690000
317 0.688000
318 0.690000
319 0.692000
320 0.694000
321 0.692000
322 0.694000
323 0.692000
324 0.690000
325 0.688000
326 0.690000
327 0.692000
328 0.694000
329 0.692000
330 0.690000
331 0.688000
332 0.690000
333 0.688000
334 0.686000
335 0.688000
336 0.690000
337 0.692000
338 0.690000
339 0.688000
340 0.690000
341 0.692000
342 0.694000
343 0.696000
344 0.694000
345 0.696000
346 0.694000
347 0.696000
348 0.694000
349 0.692000
350 0.690000
351 0.688000
352 0.690000
353 0.688000
354 0.686000
355 0.688000
356 0.686000
357 0.688000
358 0.686000
359 0.684000
360 0.682000
361 0.684000
362 0.682000
363 0.684000
364 0.682000
365 0.684000
366 0.686000
367 0.688000
368 0.690000
369 0.692000
370 0.690000
371 0.692000
372 0.690000
373 0.688000
374 0.686000
375 0.684000
376 0.686000
377 0.684000
378 0.686000
379 0.684000
380 0.686000
381 0.688000
382 0.686000
383 0.688000
384 0.690000
385 0.692000
386 0.690000
387 0.688000
388 0.686000
389 0.684000
390 0.686000
391 0.684000
392 0.686000
393 0.688000
394 0.690000
395 0.692000
396 0.690000
397 0.688000
398 0.690000
399 0.692000
400 0.694000
401 0.692000
402 0.690000
403 0.692000
404 0.690000
405 0.688000
406 0.686000
407 0.688000
408 0.686000
409 0.688000
410 0.690000
411 0.688000
412 0.690000
413 0.688000
414 0.690000
415 0.688000
416 0.690000
417 0.692000
418 0.694000
419 0.696000
420 0.694000
421 0.692000
422 0.690000
423 0.688000
424 0.690000
425 0.688000
426 0.686000
427 0.688000
428 0.686000
429 0.688000
430 0.686000
431 0.688000
432 0.690000
433 0.688000
434 0.690000
435 0.688000
436 0.690000
437 0.688000
438 0.686000
439 0.684000
440 0.686000
441 0.688000
442 0.686000
443 0.684000
444 0.686000
445 0.684000
446 0.682000
447 0.684000
448 0.686000
449 0.688000
450 0.690000
451 0.688000
452 0.686000
453 0.684000
454 0.686000
455 0.684000
456 0.682000
457 0.684000
458 0.686000
459 0.684000
460 0.682000
461 0.684000
462 0.686000
463 0.684000
464 0.682000
465 0.680000
466 0.678000
467 0.680000
468 0.678000
469 0.680000
470 0.682000
471 0.684000
472 0.686000
473 0.688000
474 0.686000
475 0.688000
476 0.686000
477 0.688000
478 0.686000
479 0.688000
480 0.690000
481 0.692000
482 0.694000
483 0.696000
484 0.694000
485 0.692000
486 0.694000
487 0.692000
488 0.690000
489 0.692000
490 0.690000
491 0.688000
492 0.690000
493 0.688000
494 0.690000
495 0.688000
496 0.686000
497 0.684000
498 0.686000
499 0.688000
500 0.690000
501 0.692000
502 0.694000
503 0.692000
504 0.690000
505 0.688000
506 0.690000
507 0.692000
508 0.690000
509 0.692000
510 0.690000
511 0.692000
512 0.690000
513 0.688000
514 0.690000
515 0.688000
516 0.686000
517 0.684000
518 0.686000
519 0.688000
520 0.686000
521 0.684000
522 0.686000
523 0.684000
524 0.686000
525 0.684000
526 0.682000
527 0.684000
528 0.686000
529 0.684000
530 0.682000
531 0.684000
532 0.686000
533 0.684000
534 0.682000
535 0.684000
536 0.686000
537 0.684000
538 0.686000
539 0.684000
540 0.686000
541 0.684000
542 0.686000
543 0.688000
544 0.686000
545 0.688000
546 0.690000
547 0.692000
548 0.690000
549 0.688000
550 0.686000
551 0.688000
552 0.686000
553 0.688000
554 0.690000
555 0.692000
556 0.690000
557 0.688000
558 0.686000
559 0.688000
560 0.690000
561 0.688000
562 0.690000
563 0.692000
564 0.690000
565 0.692000
566 0.690000
567 0.692000
568 0.690000
569 0.688000
570 0.686000
571 0.688000
572 0.690000
573 0.688000
574 0.690000
575 0.692000
576 0.690000
577 0.688000
578 0.686000
579 0.684000
580 0.686000
581 0.684000
582 0.682000
583 0.684000
584 0.686000
585 0.684000
586 0.686000
587 0.684000
588 0.686000
589 0.688000
590 0.690000
591 0.688000
592 0.686000
593 0.684000
594 0.686000
595 0.684000
596 0.686000
597 0.684000
598 0.686000
599 0.688000
600 0.690000
