1 0.672000
2 0.674000
3 0.676000
4 0.678000
5 0.676000
6 0.678000
7 0.680000
8 0.682000
9 0.680000
10 0.678000
11 0.680000
12 0.682000
13 0.684000
14 0.686000
15 0.684000
16 0.686000
17 0.688000
18 0.686000
19 0.684000
20 0.686000
21 0.684000
22 0.686000
23 0.688000
24 0.690000
25 0.688000
26 0.686000
27 0.688000
28 0.690000
29 0.688000
30 0.690000
31 0.688000
32 0.690000
33 0.688000
34 0.690000
35 0.688000
36 0.690000
37 0.692000
38 0.690000
39 0.692000
40 0.694000
41 0.696000
42 0.694000
43 0.692000
44 0.690000
45 0.688000
46 0.686000
47 0.688000
48 0.690000
49 0.688000
50 0.686000
51 0.684000
52 0.682000
53 0.684000
54 0.682000
55 0.684000
56 0.686000
57 0.688000
58 0.690000
59 0.688000
60 0.690000
61 0.688000
62 0.690000
63 0.688000
64 0.686000
65 0.688000
66 0.686000
67 0.684000
68 0.682000
69 0.684000
70 0.686000
71 0.688000
72 0.690000
73 0.692000
74 0.690000
75 0.692000
76 0.690000
77 0.692000
78 0.694000
79 0.692000
80 0.690000
81 0.692000
82 0.690000
83 0.688000
84 0.686000
85 0.684000
86 0.682000
87 0.684000
88 0.686000
89 0.688000
90 0.686000
91 0.688000
92 0.690000
93 0.688000
94 0.690000
95 0.692000
96 0.690000
97 0.692000
98 0.690000
99 0.688000
100 0.690000
101 0.688000
102 0.686000
103 0.688000
104 0.690000
105 0.692000
106 0.690000
107 0.692000
108 0.694000
109 0.692000
110 0.694000
111 0.692000
112 0.694000
113 0.692000
114 0.690000
115 0.692000
116 0.694000
117 0.692000
118 0.690000
119 0.692000
120 0.690000
121 0.688000
122 0.686000
123 0.688000
124 0.690000
125 0.688000
126 0.690000
127 0.692000
128 0.690000
129 0.688000
130 0.686000
131 0.688000
132 0.686000
133 0.684000
134 0.682000
135 0.680000
136 0.682000
137 0.680000
138 0.678000
139 0.680000
140 0.682000
141 0.684000
142 0.686000
143 0.688000
144 0.686000
145 0.688000
146 0.686000
147 0.688000
148 0.686000
149 0.688000
150 0.686000
151 0.684000
152 0.686000
153 0.684000
154 0.686000
155 0.688000
156 0.690000
157 0.688000
158 0.686000
159 0.688000
160 0.690000
161 0.688000
162 0.686000
163 0.688000
164 0.686000
165 0.684000
166 0.686000
167 0.688000
168 0.690000
169 0.688000
170 0.690000
171 0.688000
172 0.690000
173 0.688000
174 0.686000
175 0.684000
176 0.686000
177 0.684000
178 0.686000
179 0.684000
180 0.682000
181 0.684000
182 0.686000
183 0.688000
184 0.686000
185 0.684000
186 0.682000
187 0.680000
188 0.682000
189 0.680000
190 0.678000
191 0.680000
192 0.682000
193 0.680000
194 0.682000
195 0.684000
196 0.682000
197 0.684000
198 0.686000
199 0.688000
200 0.690000
201 0.692000
202 0.690000
203 0.688000
204 0.686000
205 0.688000
206 0.686000
207 0.684000
208 0.686000
209 0.684000
210 0.686000
211 0.688000
212 0.690000
213 0.688000
214 0.686000
215 0.688000
216 0.690000
217 0.692000
218 0.690000
219 0.688000
220 0.686000
221 0.684000
222 0.682000
223 0.684000
224 0.682000
225 0.684000
226 0.682000
227 0.684000
228 0.686000
229 0.684000
230 0.686000
231 0.688000
232 0.690000
233 0.688000
234 0.686000
235 0.688000
236 0.690000
237 0.688000
238 0.690000
239 0.692000
240 0.690000
241 0.692000
242 0.690000
243 0.688000
244 0.690000
245 0.688000
246 0.686000
247 0.688000
248 0.690000
249 0.692000
250 0.690000
251 0.692000
252 0.690000
253 0.688000
254 0.686000
255 0.684000
256 0.686000
257 0.688000
258 0.690000
259 0.688000
260 0.690000
261 0.688000
262 0.686000
263 0.684000
264 0.686000
265 0.688000
266 0.690000
267 0.688000
268 0.690000
269 0.688000
270 0.686000
271 0.684000
272 0.686000
273 0.688000
274 0.690000
275 0.688000
276 0.690000
277 0.692000
278 0.690000
279 0.692000
280 0.694000
281 0.692000
282 0.694000
283 0.692000
284 0.690000
285 0.692000
286 0.690000
287 0.692000
288 0.694000
289 0.696000
290 0.694000
291 0.692000
292 0.694000
293 0.692000
294 0.690000
295 0.692000
296 0.694000
297 0.696000
298 0.698000
299 0.696000
300 0.694000
301 0.692000
302 0.694000
303 0.692000
304 0.690000
305 0.688000
306 0.686000
307 0.684000
308 0.682000
309 0.684000
310 0.682000
311 0.684000
312 0.686000
313 0.684000
314 0.686000
315 0.688000
316 0.686000
317 0.688000
318 0.686000
319 0.688000
320 0.686000
321 0.688000
322 0.686000
323 0.688000
324 0.686000
325 0.688000
326 0.686000
327 0.684000
328 0.682000
329 0.684000
330 0.686000
331 0.688000
332 0.690000
333 0.692000
334 0.690000
335 0.688000
336 0.686000
337 0.684000
338 0.686000
339 0.688000
340 0.686000
341 0.688000
342 0.686000
343 0.688000
344 0.690000
345 0.688000
346 0.690000
347 0.692000
348 0.690000
349 0.688000
350 0.686000
351 0.684000
352 0.686000
353 0.684000
354 0.686000
355 0.684000
356 0.686000
357 0.688000
358 0.690000
359 0.692000
360 0.690000
361 0.692000
362 0.694000
363 0.692000
364 0.690000
365 0.688000
366 0.686000
367 0.688000
368 0.690000
369 0.692000
370 0.694000
371 0.692000
372 0.694000
373 0.692000
374 0.690000
375 0.688000
376 0.686000
377 0.688000
378 0.690000
379 0.692000
380 0.690000
381 0.688000
382 0.690000
383 0.692000
384 0.694000
385 0.696000
386 0.694000
387 0.692000
388 0.690000
389 0.692000
390 0.690000
391 0.692000
392 0.690000
393 0.692000
394 0.690000
395 0.688000
396 0.690000
397 0.688000
398 0.686000
399 0.688000
400 0.686000
401 0.688000
402 0.690000
403 0.688000
404 0.690000
405 0.692000
406 0.690000
407 0.688000
408 0.686000
409 0.684000
410 0.686000
411 0.688000
412 0.690000
413 0.688000
414 0.690000
415 0.688000
416 0.690000
417 0.688000
418 0.690000
419 0.692000
420 0.690000
421 0.692000
422 0.690000
423 0.688000
424 0.690000
425 0.692000
426 0.690000
427 0.692000
428 0.694000
429 0.692000
430 0.690000
431 0.692000
432 0.690000
433 0.688000
434 0.690000
435 0.692000
436 0.690000
437 0.692000
438 0.690000
439 0.688000
440 0.690000
441 0.688000
442 0.686000
443 0.688000
444 0.686000
445 0.688000
446 0.686000
447 0.688000
448 0.686000
449 0.688000
450 0.690000
451 0.692000
452 0.690000
453 0.688000
454 0.686000
455 0.688000
456 0.686000
457 0.688000
458 0.686000
459 0.688000
460 0.690000
461 0.688000
462 0.690000
463 0.692000
464 0.690000
465 0.688000
466 0.690000
467 0.688000
468 0.686000
469 0.684000
470 0.686000
471 0.684000
472 0.686000
473 0.684000
474 0.686000
475 0.688000
476 0.686000
477 0.688000
478 0.690000
479 0.688000
480 0.690000
481 0.692000
482 0.690000
483 0.688000
484 0.686000
485 0.688000
486 0.686000
487 0.688000
488 0.686000
489 0.688000
490 0.690000
491 0.692000
492 0.690000
493 0.692000
494 0.690000
495 0.688000
496 0.690000
497 0.692000
498 0.694000
499 0.692000
500 0.694000
501 0.696000
502 0.694000
503 0.692000
504 0.690000
505 0.692000
506 0.690000
507 0.692000
508 0.690000
509 0.688000
510 0.690000
511 0.692000
512 0.690000
513 0.688000
514 0.686000
515 0.688000
516 0.690000
517 0.692000
518 0.694000
519 0.696000
520 0.694000
521 0.692000
522 0.694000
523 0.692000
524 0.690000
525 0.688000
526 0.690000
527 0.692000
528 0.690000
529 0.688000
530 0.686000
531 0.688000
532 0.690000
533 0.692000
534 0.690000
535 0.688000
536 0.686000
537 0.688000
538 0.690000
539 0.688000
540 0.686000
541 0.688000
542 0.690000
543 0.688000
544 0.686000
545 0.688000
546 0.690000
547 0.688000
548 0.690000
549 0.688000
550 0.686000
551 0.688000
552 0.686000
553 0.688000
554 0.686000
555 0.684000
556 0.686000
557 0.688000
558 0.686000
559 0.684000
560 0.682000
561 0.684000
562 0.686000
563 0.684000
564 0.686000
565 0.688000
566 0.686000
567 0.688000
568 0.686000
569 0.684000
570 0.686000
571 0.684000
572 0.686000
573 0.688000
574 0.686000
575 0.684000
576 0.682000
577 0.684000
578 0.686000
579 0.684000
580 0.686000
581 0.684000
582 0.682000
583 0.680000
584 0.682000
585 0.680000
586 0.682000
587 0.684000
588 0.686000
589 0.688000
590 0.686000
591 0.688000
592 0.686000
593 0.688000
594 0.686000
595 0.684000
596 0.686000
597 0.688000
598 0.690000
599 0.688000
600 0.686000
